fixed intrinsic
stereoParams_better.RotationOfCamera2
0.995070182505516	0.0922849888831434	0.0363154611051237
-0.0918618257970602	0.995684839551868	-0.0131569467507201
-0.0373729427483335	0.00975608084267565	0.999253762583319

stereoParams_better.TranslationOfCamera2 (mm)
216.986703034847	-55.6829662198591	81.2208145960929

stereoParams_better.FundamentalMatrix
-2.90365098525388e-06	-2.43985429687037e-05	-0.0135282464577077
2.22113720288687e-05	-1.39978509403813e-06	-0.130553767933778
0.0361089749372620	0.150398759722962	-22.2154654202392

stereoParams_better.EssentialMatrix
-9.51761456605550	-80.1377159279060	-56.4338103403015
72.9404386289898	-4.60620982407781	-219.860240291993
75.4330748362044	210.935231653388	0.0359035080014354

stereoParams_better.MeanReprojectionError
0.243160196065792


unfixed intrinsic
stereoParams.RotationOfCamera2
0.994769283948072	0.0914414165490193	0.0455251474786026
-0.0905625119891417	0.995669079907032	-0.0210122521235115
-0.0472493718017112	0.0167794712847035	0.998742182050878

stereoParams.TranslationOfCamera2
216.404838014872	-55.7431423124776	80.7529192906676

stereoParams.FundamentalMatrix
-2.96636492855039e-06	-2.36435246685897e-05	-0.0136502060635190
2.10540102197018e-05	-8.24738220573981e-07	-0.129113923520276
0.0362054272385291	0.148070492819533	-21.6935869248631

stereoParams.EssentialMatrix
-9.92187610510355	-79.2318958895192	-57.0280188779303
70.4786615337837	-2.76603420430311	-219.948164832979
75.2399306993398	210.419366959712	0.997330308823504

stereoParams.MeanReprojectionError
0.184714527530104
